              参数 后验均值 下界89  上界89
1           斜率 b   1.2990 0.7640  1.9101
2 切点 c1（轻/中）   3.1894 1.3933  5.1685
3 切点 c2（中/重）   9.2748 5.5680 13.8744
网格： 90 ³ = 729000 个格点；范围 b -2 ~ 4 、c1 -4 ~ 8 、切点间距 0.05 ~ 12 
                                     设置 斜率均值 斜率后验标准差 切点1均值
1  初版范围 b[-2,3] c1[-4,4] 间距[0.05,5]   0.9560         0.1802    2.4300
2 本篇采用 b[-2,4] c1[-4,8] 间距[0.05,12]   1.2990         0.3581    3.1894
3  再放宽 b[-3,5] c1[-6,12] 间距[0.05,20]   1.3049         0.3684    3.2025
  切点2均值
1    6.6241
2    9.2748
3    9.3200
   剂量 累积_轻 累积_中 概率_轻 概率_中 概率_重 概率合计
1     1  0.8362  0.9980  0.8362  0.1617  0.0020   0.9999
2     2  0.6285  0.9952  0.6285  0.3668  0.0048   1.0001
3     3  0.3456  0.9882  0.3456  0.6426  0.0118   1.0000
4     4  0.1428  0.9696  0.1428  0.8268  0.0304   1.0000
5     5  0.0528  0.9191  0.0528  0.8663  0.0809   1.0000
6     6  0.0196  0.7903  0.0196  0.7707  0.2097   1.0000
7     7  0.0076  0.5412  0.0076  0.5337  0.4588   1.0001
8     8  0.0031  0.2696  0.0031  0.2665  0.7304   1.0000
9     9  0.0013  0.1093  0.0013  0.1080  0.8907   1.0000
10   10  0.0006  0.0422  0.0006  0.0416  0.9578   1.0000
  等级 观测比例 预测比例      差
1   轻   0.2000   0.2038  0.0038
2   中   0.4667   0.4585 -0.0082
3   重   0.3333   0.3377  0.0044
                        写法 斜率后验均值 斜率后验标准差
1       有序模型（三档全用）       1.2990         0.3581
2 合并成二分类（重 vs 其余）       1.5533         0.4042
                                                                 说明
1                                        斜率是「累积几率的共同位移」
2 在比例优势假设下这是同一个 b；本例两者的先验范围已按同一 b 区间设置
  剂量 有序_轻 有序_中 有序_重 二分类_重 二分类_其余
1    3  0.3456  0.6426  0.0118    0.0064      0.9936
2    5  0.0528  0.8663  0.0809    0.0538      0.9462
3    7  0.0076  0.5337  0.4588    0.4519      0.5481

完成：5 张图 + 5 份 CSV 已写入
