   瓶 瓶内均值 完全合并 完全不合并 部分合并  收缩量
1   1    4.505   5.6217      4.505   4.8576 -0.3526
2   2    4.805   5.6217      4.805   5.0629 -0.2579
3   3    5.055   5.6217      5.055   5.2339 -0.1789
4   4    5.255   5.6217      5.255   5.3708 -0.1158
5   5    5.405   5.6217      5.405   5.4734 -0.0684
6   6    5.505   5.6217      5.505   5.5418 -0.0368
7   7    5.605   5.6217      5.605   5.6103 -0.0053
8   8    5.755   5.6217      5.755   5.7129  0.0421
9   9    5.955   5.6217      5.955   5.8497  0.1053
10 10    6.205   5.6217      6.205   6.0208  0.1842
11 11    6.505   5.6217      6.505   6.2261  0.2789
12 12    6.905   5.6217      6.905   6.4998  0.4052
                         参数 后验均值 下界89 上界89
1                  共同斜率 b   1.0475 0.8136 1.2542
2                 总体水平 μ   5.6217     NA     NA
3            组间标准差 σ_α   0.6451 0.3093 1.0532
4               残差标准差 σ   0.6803 0.5127 0.8763
5 收缩因子（每瓶都是 3 个孔）   0.6842     NA     NA
网格：60³ = 216000 个格点
                      情形 预测标准差 区间半宽89
1       同一个瓶再测一个孔     0.7855     1.2552
2 换一个全新的瓶再测一个孔     0.9375     1.4982
                                  说明
1 只多了观测误差与瓶均值自身的不确定性
2   还要加上瓶与瓶之间的真实差异 σ_α
`geom_smooth()` using formula = 'y ~ x'

完成：5 张图 + 5 份 CSV 已写入
